0000000000000000
0000000000000000
0000000000000000
0000000000000000
0000000000000000
0000000000000000
0000000000000000
0000000000000000
0000000000000000
0000000000000000
0000000000000000
0000000000000000
0000000000000000
0000000000000000
0000000000000000
0000000000000000
0000000000000000
0000000000000000
0000000110000000
0000000110000000
0000000110000000
0000000110000000
0000000110000000
0000000110000000
0000000110000000
0000000000000000
0000000110000000
0000000000000000
0000000000000000
0000000000000000
0000000000000000
0000000000000000
0000000000000000
0000110000110000
0000110000110000
0000110000110000
0000000000000000
0000000000000000
0000000000000000
0000000000000000
0000000000000000
0000000000000000
0000000000000000
0000000000000000
0000000000000000
0000000000000000
0000000000000000
0000000000000000
0000000110001100
0000001100011000
0000111111111100
0000011000110000
0000110001100000
0001100011000000
0111111111100000
0011000110000000
0110001100000000
0000000000000000
0000000000000000
0000000000000000
0000000000000000
0000000110000000
0000000110000000
0000011111001000
0001100000111000
0001100000001000
0000111000000000
0000001111000000
0000000001110000
0001000000011000
0001110000011000
0001001111100000
0000000110000000
0000000110000000
0000000000000000
0000000000000000
0000000000000000
0000000000000000
0011110000011000
0110011000110000
0110011001100000
0011110011000000
0000000110000000
0000001100111100
0000011001100110
0000110001100110
0001100000111100
0000000000000000
0000000000000000
0000000000000000
0000000000000000
0000000000000000
0000000000000000
0000011111000000
0000110000000000
0000011000000000
0000011100000000
0001100110000000
0011000011001100
0011000001111000
0001100001110000
0000011110011100
0000000000000000
0000000000000000
0000000000000000
0000000000000000
0000000000000000
0000000000000000
0000000110000000
0000000110000000
0000000110000000
0000000000000000
0000000000000000
0000000000000000
0000000000000000
0000000000000000
0000000000000000
0000000000000000
0000000000000000
0000000000000000
0000000000000000
0000000000000000
0000000000000000
0000000001100000
0000000011000000
0000000110000000
0000000110000000
0000000110000000
0000000110000000
0000000110000000
0000000110000000
0000000110000000
0000000011000000
0000000001100000
0000000000000000
0000000000000000
0000000000000000
0000000000000000
0000001100000000
0000000110000000
0000000011000000
0000000011000000
0000000011000000
0000000011000000
0000000011000000
0000000011000000
0000000011000000
0000000110000000
0000001100000000
0000000000000000
0000000000000000
0000000000000000
0000000000000000
0000000000000000
0000000000000000
0000111001110000
0000001111000000
0011111111111100
0000001111000000
0000111001110000
0000000000000000
0000000000000000
0000000000000000
0000000000000000
0000000000000000
0000000000000000
0000000000000000
0000000000000000
0000000000000000
0000000110000000
0000000110000000
0000000110000000
0011111111111100
0000000110000000
0000000110000000
0000000110000000
0000000000000000
0000000000000000
0000000000000000
0000000000000000
0000000000000000
0000000000000000
0000000000000000
0000000000000000
0000000000000000
0000000000000000
0000000000000000
0000000000000000
0000000000000000
0000000000000000
0000001110000000
0000001110000000
0000001100000000
0000011000000000
0000000000000000
0000000000000000
0000000000000000
0000000000000000
0000000000000000
0000000000000000
0000000000000000
0000000000000000
0001111111111000
0000000000000000
0000000000000000
0000000000000000
0000000000000000
0000000000000000
0000000000000000
0000000000000000
0000000000000000
0000000000000000
0000000000000000
0000000000000000
0000000000000000
0000000000000000
0000000000000000
0000000000000000
0000000000000000
0000000000000000
0000001110000000
0000001110000000
0000000000000000
0000000000000000
0000000000000000
0000000000000000
0000000000000000
0000000000000000
0000000000011000
0000000000110000
0000000001100000
0000000011000000
0000000110000000
0000001100000000
0000011000000000
0000110000000000
0001100000000000
0000000000000000
0000000000000000
0000000000000000
0000000000000000
0000000000000000
0000000000000000
0000001111000000
0000110000110000
0001100000011000
0001100000011000
0001100000011000
0001100000011000
0001100000011000
0000110000110000
0000001111000000
0000000000000000
0000000000000000
0000000000000000
0000000000000000
0000000000000000
0000000000000000
0000001110000000
0000110110000000
0000000110000000
0000000110000000
0000000110000000
0000000110000000
0000000110000000
0000000110000000
0000111111110000
0000000000000000
0000000000000000
0000000000000000
0000000000000000
0000000000000000
0000000000000000
0000001111000000
0000110000110000
0001100000011000
0000000000011000
0000000000110000
0000000011000000
0000001100000000
0000110000011000
0001111111111000
0000000000000000
0000000000000000
0000000000000000
0000000000000000
0000000000000000
0000000000000000
0000001111000000
0000110000110000
0001100000011000
0000000000110000
0000001111000000
0000000000110000
0001100000011000
0000110000110000
0000001111000000
0000000000000000
0000000000000000
0000000000000000
0000000000000000
0000000000000000
0000000000000000
0000000011100000
0000000111100000
0000001101100000
0000011001100000
0000110001100000
0001100001100000
0001111111111000
0000000001100000
0000000111111000
0000000000000000
0000000000000000
0000000000000000
0000000000000000
0000000000000000
0000000000000000
0001111111111000
0001100000000000
0001100000000000
0001101111000000
0001110000110000
0000000000011000
0001100000011000
0000110000110000
0000001111000000
0000000000000000
0000000000000000
0000000000000000
0000000000000000
0000000000000000
0000000000000000
0000000011100000
0000011100000000
0000110000000000
0001100111000000
0001111000110000
0001100000011000
0001100000011000
0000110000110000
0000001111000000
0000000000000000
0000000000000000
0000000000000000
0000000000000000
0000000000000000
0000000000000000
0001111111111000
0001100000011000
0000000000110000
0000000001100000
0000000011000000
0000000110000000
0000001100000000
0000001100000000
0000001100000000
0000000000000000
0000000000000000
0000000000000000
0000000000000000
0000000000000000
0000000000000000
0000011111100000
0001100000011000
0001100000011000
0001100000011000
0000011111100000
0001100000011000
0001100000011000
0001100000011000
0000011111100000
0000000000000000
0000000000000000
0000000000000000
0000000000000000
0000000000000000
0000000000000000
0000001111000000
0000110000110000
0001100000011000
0001100000011000
0000110001111000
0000001110011000
0000000000110000
0000000011100000
0000011100000000
0000000000000000
0000000000000000
0000000000000000
0000000000000000
0000000000000000
0000000000000000
0000000000000000
0000000000000000
0000000000000000
0000001110000000
0000001110000000
0000000000000000
0000000000000000
0000001110000000
0000001110000000
0000000000000000
0000000000000000
0000000000000000
0000000000000000
0000000000000000
0000000000000000
0000000000000000
0000000000000000
0000000000000000
0000001110000000
0000001110000000
0000000000000000
0000000000000000
0000001110000000
0000001110000000
0000001100000000
0000011000000000
0000000000000000
0000000000000000
0000000000000000
0000000000000000
0000000000011000
0000000001100000
0000000110000000
0000011000000000
0001100000000000
0000011000000000
0000000110000000
0000000001100000
0000000000011000
0000000000000000
0000000000000000
0000000000000000
0000000000000000
0000000000000000
0000000000000000
0000000000000000
0000000000000000
0000000000000000
0001111111111000
0000000000000000
0000000000000000
0001111111111000
0000000000000000
0000000000000000
0000000000000000
0000000000000000
0000000000000000
0000000000000000
0000000000000000
0000000000000000
0001100000000000
0000011000000000
0000000110000000
0000000001100000
0000000000011000
0000000001100000
0000000110000000
0000011000000000
0001100000000000
0000000000000000
0000000000000000
0000000000000000
0000000000000000
0000000000000000
0000000000000000
0000111111110000
0001100000011000
0000000000011000
0000000000110000
0000000011000000
0000000110000000
0000000000000000
0000000110000000
0000000110000000
0000000000000000
0000000000000000
0000000000000000
0000000000000000
0000000000000000
0000000000000000
0000001111100000
0000110000011000
0001100000001100
0011000001111100
0011000110001100
0011001100001100
0011001100001100
0011000110001100
0011000001111100
0001100000000000
0000110000000000
0000001111100000
0000000000000000
0000000000000000
0000000000000000
0000111110000000
0000001111000000
0000011001100000
0000011001100000
0000110000110000
0001111111111000
0001100000011000
0011000000001100
0111100000011110
0000000000000000
0000000000000000
0000000000000000
0000000000000000
0000000000000000
0000000000000000
0011111111100000
0001100000011000
0001100000011000
0001100000011000
0001111111100000
0001100000011000
0001100000001100
0001100000001100
0011111111110000
0000000000000000
0000000000000000
0000000000000000
0000000000000000
0000000000000000
0000000000000000
0000011111100100
0001100000011100
0011000000000100
0011000000000000
0011000000000000
0011000000000000
0011000000000000
0001100000001100
0000011111110000
0000000000000000
0000000000000000
0000000000000000
0000000000000000
0000000000000000
0000000000000000
0011111111100000
0001100000011000
0001100000001100
0001100000001100
0001100000001100
0001100000001100
0001100000001100
0001100000011000
0011111111100000
0000000000000000
0000000000000000
0000000000000000
0000000000000000
0000000000000000
0000000000000000
0011111111111100
0001100000001100
0001100000001100
0001100011000000
0001111111000000
0001100011000000
0001100000001100
0001100000001100
0011111111111100
0000000000000000
0000000000000000
0000000000000000
0000000000000000
0000000000000000
0000000000000000
0011111111111100
0001100000001100
0001100000001100
0001100001100000
0001111111100000
0001100001100000
0001100000000000
0001100000000000
0011111000000000
0000000000000000
0000000000000000
0000000000000000
0000000000000000
0000000000000000
0000000000000000
0000011111100100
0001100000011100
0011000000000100
0011000000000000
0011000000000000
0011000011111110
0011000000001100
0001100000011100
0000011111100100
0000000000000000
0000000000000000
0000000000000000
0000000000000000
0000000000000000
0000000000000000
0011110000111100
0001100000011000
0001100000011000
0001100000011000
0001111111111000
0001100000011000
0001100000011000
0001100000011000
0011110000111100
0000000000000000
0000000000000000
0000000000000000
0000000000000000
0000000000000000
0000000000000000
0001111111111000
0000000110000000
0000000110000000
0000000110000000
0000000110000000
0000000110000000
0000000110000000
0000000110000000
0001111111111000
0000000000000000
0000000000000000
0000000000000000
0000000000000000
0000000000000000
0000000000000000
0000001111111100
0000000000110000
0000000000110000
0000000000110000
0000000000110000
0000000000110000
0011000000110000
0001100001100000
0000011111000000
0000000000000000
0000000000000000
0000000000000000
0000000000000000
0000000000000000
0000000000000000
0011110000111100
0001100000011000
0001100001100000
0001100110000000
0001111000000000
0001100110000000
0001100001100000
0001100000011000
0011110000001110
0000000000000000
0000000000000000
0000000000000000
0000000000000000
0000000000000000
0000000000000000
0011111110000000
0000110000000000
0000110000000000
0000110000000000
0000110000000000
0000110000000000
0000110000001100
0000110000001100
0011111111111100
0000000000000000
0000000000000000
0000000000000000
0000000000000000
0000000000000000
0000000000000000
0111000000001110
0011100000011100
0011110000111100
0011011001101100
0011001111001100
0011000110001100
0011000000001100
0011000000001100
0111100000011110
0000000000000000
0000000000000000
0000000000000000
0000000000000000
0000000000000000
0000000000000000
0011100001111100
0001110000011000
0001111000011000
0001101100011000
0001100110011000
0001100011011000
0001100001111000
0001100000111000
0011111000011000
0000000000000000
0000000000000000
0000000000000000
0000000000000000
0000000000000000
0000000000000000
0000011111100000
0001100000011000
0011000000001100
0011000000001100
0011000000001100
0011000000001100
0011000000001100
0001100000011000
0000011111100000
0000000000000000
0000000000000000
0000000000000000
0000000000000000
0000000000000000
0000000000000000
0011111111110000
0001100000001100
0001100000001100
0001100000001100
0001111111110000
0001100000000000
0001100000000000
0001100000000000
0011111000000000
0000000000000000
0000000000000000
0000000000000000
0000000000000000
0000000000000000
0000000000000000
0000011111100000
0001100000011000
0011000000001100
0011000000001100
0011000000001100
0011000000001100
0011000000001100
0001100000011000
0000011111100000
0000001110000000
0000110001111000
0000000000000000
0000000000000000
0000000000000000
0000000000000000
0011111111110000
0001100000001100
0001100000001100
0001100000001100
0001111111110000
0001101100000000
0001100011000000
0001100000110000
0011110000011110
0000000000000000
0000000000000000
0000000000000000
0000000000000000
0000000000000000
0000000000000000
0000011111001000
0001100000111000
0001100000001000
0000111000000000
0000001111000000
0000000001110000
0001000000011000
0001110000011000
0001001111100000
0000000000000000
0000000000000000
0000000000000000
0000000000000000
0000000000000000
0000000000000000
0011111111111100
0011000110001100
0011000110001100
0000000110000000
0000000110000000
0000000110000000
0000000110000000
0000000110000000
0000011111100000
0000000000000000
0000000000000000
0000000000000000
0000000000000000
0000000000000000
0000000000000000
0011110000111100
0001100000011000
0001100000011000
0001100000011000
0001100000011000
0001100000011000
0001100000011000
0000110000110000
0000001111000000
0000000000000000
0000000000000000
0000000000000000
0000000000000000
0000000000000000
0000000000000000
0111100000011110
0011000000001100
0001100000011000
0001100000011000
0000110000110000
0000011001100000
0000011001100000
0000001111000000
0000000110000000
0000000000000000
0000000000000000
0000000000000000
0000000000000000
0000000000000000
0000000000000000
0111110000111110
0011000000001100
0011000000001100
0001100110011000
0001100110011000
0000111111110000
0000111111110000
0000011001100000
0000011001100000
0000000000000000
0000000000000000
0000000000000000
0000000000000000
0000000000000000
0000000000000000
0011110000111100
0001100000011000
0000110000110000
0000011001100000
0000000110000000
0000011001100000
0000110000110000
0001100000011000
0011110000111100
0000000000000000
0000000000000000
0000000000000000
0000000000000000
0000000000000000
0000000000000000
0011110000111100
0001100000011000
0000110000110000
0000011001100000
0000001111000000
0000000110000000
0000000110000000
0000000110000000
0000011111100000
0000000000000000
0000000000000000
0000000000000000
0000000000000000
0000000000000000
0000000000000000
0001111111111000
0001100000110000
0001100001100000
0000000011000000
0000000110000000
0000001100000000
0000011000011000
0000110000011000
0001111111111000
0000000000000000
0000000000000000
0000000000000000
0000000000000000
0000000000000000
0000000000000000
0000011111100000
0000011000000000
0000011000000000
0000011000000000
0000011000000000
0000011000000000
0000011000000000
0000011000000000
0000011000000000
0000011000000000
0000011000000000
0000011111100000
0000000000000000
0000000000000000
0000000000000000
0001100000000000
0000110000000000
0000011000000000
0000001100000000
0000000110000000
0000000011000000
0000000001100000
0000000000110000
0000000000011000
0000000000000000
0000000000000000
0000000000000000
0000000000000000
0000000000000000
0000000000000000
0000011111100000
0000000001100000
0000000001100000
0000000001100000
0000000001100000
0000000001100000
0000000001100000
0000000001100000
0000000001100000
0000000001100000
0000000001100000
0000011111100000
0000000000000000
0000000000000000
0000000000000000
0000000110000000
0000001111000000
0000011001100000
0000110000110000
0000000000000000
0000000000000000
0000000000000000
0000000000000000
0000000000000000
0000000000000000
0000000000000000
0000000000000000
0000000000000000
0000000000000000
0000000000000000
0000000000000000
0000000000000000
0000000000000000
0000000000000000
0000000000000000
0000000000000000
0000000000000000
0000000000000000
0000000000000000
0000000000000000
1111111111111110
0000000000000000
0000000000000000
0000000000000000
0000111000000000
0000001110000000
0000000000000000
0000000000000000
0000000000000000
0000000000000000
0000000000000000
0000000000000000
0000000000000000
0000000000000000
0000000000000000
0000000000000000
0000000000000000
0000000000000000
0000000000000000
0000000000000000
0000000000000000
0000000000000000
0000011111000000
0001100000110000
0000000000011000
0000111111111000
0011000000011000
0011000000111000
0000111111001100
0000000000000000
0000000000000000
0000000000000000
0000000000000000
0000000000000000
0011100000000000
0001100000000000
0001100000000000
0001101111100000
0001111000111000
0001100000001100
0001100000001100
0001100000001100
0001111000111000
0011101111100000
0000000000000000
0000000000000000
0000000000000000
0000000000000000
0000000000000000
0000000000000000
0000000000000000
0000000000000000
0000011111100100
0001110000011100
0011000000000100
0011000000000000
0011000000000000
0001110000011100
0000011111110000
0000000000000000
0000000000000000
0000000000000000
0000000000000000
0000000000000000
0000000000111000
0000000000011000
0000000000011000
0000011111011000
0001110001111000
0011000000011000
0011000000011000
0011000000011000
0001110001111000
0000011111011100
0000000000000000
0000000000000000
0000000000000000
0000000000000000
0000000000000000
0000000000000000
0000000000000000
0000000000000000
0000011111100000
0001110000111000
0011000000001100
0011111111111100
0011000000000000
0001110000011100
0000011111110000
0000000000000000
0000000000000000
0000000000000000
0000000000000000
0000000000000000
0000000000000000
0000000011110000
0000001100000000
0000001100000000
0000111111110000
0000001100000000
0000001100000000
0000001100000000
0000001100000000
0000111111110000
0000000000000000
0000000000000000
0000000000000000
0000000000000000
0000000000000000
0000000000000000
0000000000000000
0000000000000000
0000011111011100
0001110001111000
0011000000011000
0011000000011000
0011000000011000
0001110001111000
0000011111011000
0000000000011000
0000000001110000
0000111111000000
0000000000000000
0000000000000000
0011100000000000
0001100000000000
0001100000000000
0001101111000000
0001110000110000
0001100000011000
0001100000011000
0001100000011000
0001100000011000
0011110000111100
0000000000000000
0000000000000000
0000000000000000
0000000000000000
0000000000000000
0000000110000000
0000000110000000
0000000000000000
0000111110000000
0000000110000000
0000000110000000
0000000110000000
0000000110000000
0000000110000000
0001111111111000
0000000000000000
0000000000000000
0000000000000000
0000000000000000
0000000000000000
0000000001100000
0000000001100000
0000000000000000
0000011111100000
0000000001100000
0000000001100000
0000000001100000
0000000001100000
0000000001100000
0000000001100000
0000000001100000
0000000011000000
0000011100000000
0000000000000000
0000000000000000
0001110000000000
0000110000000000
0000110000000000
0000110001111000
0000110000110000
0000110011000000
0000111100000000
0000110011000000
0000110000110000
0001110001111100
0000000000000000
0000000000000000
0000000000000000
0000000000000000
0000000000000000
0000111110000000
0000000110000000
0000000110000000
0000000110000000
0000000110000000
0000000110000000
0000000110000000
0000000110000000
0000000110000000
0001111111111000
0000000000000000
0000000000000000
0000000000000000
0000000000000000
0000000000000000
0000000000000000
0000000000000000
0000000000000000
0111011100111000
0011100111001100
0011000110001100
0011000110001100
0011000110001100
0011000110001100
0111100111001110
0000000000000000
0000000000000000
0000000000000000
0000000000000000
0000000000000000
0000000000000000
0000000000000000
0000000000000000
0011101111000000
0001110000110000
0001100000011000
0001100000011000
0001100000011000
0001100000011000
0011110000111100
0000000000000000
0000000000000000
0000000000000000
0000000000000000
0000000000000000
0000000000000000
0000000000000000
0000000000000000
0000011111100000
0001110000111000
0011000000001100
0011000000001100
0011000000001100
0001110000111000
0000011111100000
0000000000000000
0000000000000000
0000000000000000
0000000000000000
0000000000000000
0000000000000000
0000000000000000
0000000000000000
0011101111100000
0001111000111000
0001100000001100
0001100000001100
0001100000001100
0001111000111000
0001101111100000
0001100000000000
0001100000000000
0011111000000000
0000000000000000
0000000000000000
0000000000000000
0000000000000000
0000000000000000
0000011111011100
0001110001111000
0011000000011000
0011000000011000
0011000000011000
0001110001111000
0000011111011000
0000000000011000
0000000000011000
0000000001111100
0000000000000000
0000000000000000
0000000000000000
0000000000000000
0000000000000000
0011110111111000
0000111100001100
0000110000000000
0000110000000000
0000110000000000
0000110000000000
0011111111000000
0000000000000000
0000000000000000
0000000000000000
0000000000000000
0000000000000000
0000000000000000
0000000000000000
0000000000000000
0000011111001000
0001100000111000
0001100000001000
0000011111100000
0001000000011000
0001110000011000
0001001111100000
0000000000000000
0000000000000000
0000000000000000
0000000000000000
0000000000000000
0000000000000000
0000011000000000
0000011000000000
0001111111100000
0000011000000000
0000011000000000
0000011000000000
0000011000000000
0000011000011000
0000001111100000
0000000000000000
0000000000000000
0000000000000000
0000000000000000
0000000000000000
0000000000000000
0000000000000000
0000000000000000
0011100000111000
0001100000011000
0001100000011000
0001100000011000
0001100000011000
0000110000111000
0000001111011100
0000000000000000
0000000000000000
0000000000000000
0000000000000000
0000000000000000
0000000000000000
0000000000000000
0000000000000000
0011110000111100
0001100000011000
0001100000011000
0000110000110000
0000011001100000
0000001111000000
0000000110000000
0000000000000000
0000000000000000
0000000000000000
0000000000000000
0000000000000000
0000000000000000
0000000000000000
0000000000000000
0111100110011110
0011001111001100
0011001111001100
0001111001111000
0001111001111000
0000110000110000
0000110000110000
0000000000000000
0000000000000000
0000000000000000
0000000000000000
0000000000000000
0000000000000000
0000000000000000
0000000000000000
0011110000111100
0001100000011000
0000011001100000
0000000110000000
0000011001100000
0001100000011000
0011110000111100
0000000000000000
0000000000000000
0000000000000000
0000000000000000
0000000000000000
0000000000000000
0000000000000000
0000000000000000
0011110000111100
0001100000011000
0001100000011000
0000110000110000
0000011001100000
0000001111000000
0000000110000000
0000001100000000
0000011000000000
0001111100000000
0000000000000000
0000000000000000
0000000000000000
0000000000000000
0000000000000000
0000111111110000
0000110001100000
0000110011000000
0000000110000000
0000001100110000
0000011000110000
0000111111110000
0000000000000000
0000000000000000
0000000000000000
0000000000000000
0000000000000000
0000000000000000
0000000001110000
0000000011000000
0000000110000000
0000000110000000
0000000110000000
0000111100000000
0000000110000000
0000000110000000
0000000110000000
0000000110000000
0000000011000000
0000000001110000
0000000000000000
0000000000000000
0000000000000000
0000000110000000
0000000110000000
0000000110000000
0000000110000000
0000000110000000
0000000110000000
0000000110000000
0000000110000000
0000000110000000
0000000110000000
0000000110000000
0000000110000000
0000000000000000
0000000000000000
0000000000000000
0000111000000000
0000001100000000
0000000110000000
0000000110000000
0000000110000000
0000000011110000
0000000110000000
0000000110000000
0000000110000000
0000000110000000
0000001100000000
0000111000000000
0000000000000000
0000000000000000
0000000000000000
0000111000001100
0011000110001100
0011000001110000
0000000000000000
0000000000000000
0000000000000000
0000000000000000
0000000000000000
0000000000000000
0000000000000000
0000000000000000
0000000000000000
0000000000000000
0000000000000000
0000000000000000
0000011111100000
0000011111100000
0000011111100000
0000011111100000
0000011111100000
0000011111100000
0000011111100000
0000011111100000
0000011111100000
0000000000000000
0000000000000000
0000000000000000
0000000000000000
0000000000000000
0000000000000000
0000011111100000
0000011111100000
0000011111100000
0000011111100000
0000011111100000
0000011111100000
0000011111100000
0000011111100000
0000011111100000
0000000000000000
0000000000000000
0000000000000000
0000000000000000
0000000000000000
0000000000000000
0000011111100000
0000011111100000
0000011111100000
0000011111100000
0000011111100000
0000011111100000
0000011111100000
0000011111100000
0000011111100000
0000000000000000
0000000000000000
0000000000000000
0000000000000000
0000000000000000
0000000000000000
0000011111100000
0000011111100000
0000011111100000
0000011111100000
0000011111100000
0000011111100000
0000011111100000
0000011111100000
0000011111100000
0000000000000000
0000000000000000
0000000000000000
0000000000000000
0000000000000000
0000000000000000
0000011111100000
0000011111100000
0000011111100000
0000011111100000
0000011111100000
0000011111100000
0000011111100000
0000011111100000
0000011111100000
0000000000000000
0000000000000000
0000000000000000
0000000000000000
0000000000000000
0000000000000000
0000011111100000
0000011111100000
0000011111100000
0000011111100000
0000011111100000
0000011111100000
0000011111100000
0000011111100000
0000011111100000
0000000000000000
0000000000000000
0000000000000000
0000000000000000
0000000000000000
0000000000000000
0000011111100000
0000011111100000
0000011111100000
0000011111100000
0000011111100000
0000011111100000
0000011111100000
0000011111100000
0000011111100000
0000000000000000
0000000000000000
0000000000000000
0000000000000000
0000000000000000
0000000000000000
0000011111100000
0000011111100000
0000011111100000
0000011111100000
0000011111100000
0000011111100000
0000011111100000
0000011111100000
0000011111100000
0000000000000000
0000000000000000
0000000000000000
0000000000000000
0000000000000000
0000000000000000
0000011111100000
0000011111100000
0000011111100000
0000011111100000
0000011111100000
0000011111100000
0000011111100000
0000011111100000
0000011111100000
0000000000000000
0000000000000000
0000000000000000
0000000000000000
0000000000000000
0000000000000000
0000011111100000
0000011111100000
0000011111100000
0000011111100000
0000011111100000
0000011111100000
0000011111100000
0000011111100000
0000011111100000
0000000000000000
0000000000000000
0000000000000000
0000000000000000
0000000000000000
0000000000000000
0000011111100000
0000011111100000
0000011111100000
0000011111100000
0000011111100000
0000011111100000
0000011111100000
0000011111100000
0000011111100000
0000000000000000
0000000000000000
0000000000000000
0000000000000000
0000000000000000
0000000000000000
0000011111100000
0000011111100000
0000011111100000
0000011111100000
0000011111100000
0000011111100000
0000011111100000
0000011111100000
0000011111100000
0000000000000000
0000000000000000
0000000000000000
0000000000000000
0000000000000000
0000000000000000
0000011111100000
0000011111100000
0000011111100000
0000011111100000
0000011111100000
0000011111100000
0000011111100000
0000011111100000
0000011111100000
0000000000000000
0000000000000000
0000000000000000
0000000000000000
0000000000000000
0000000000000000
0000011111100000
0000011111100000
0000011111100000
0000011111100000
0000011111100000
0000011111100000
0000011111100000
0000011111100000
0000011111100000
0000000000000000
0000000000000000
0000000000000000
0000000000000000
0000000000000000
0000000000000000
0000011111100000
0000011111100000
0000011111100000
0000011111100000
0000011111100000
0000011111100000
0000011111100000
0000011111100000
0000011111100000
0000000000000000
0000000000000000
0000000000000000
0000000000000000
0000000000000000
0000000000000000
0000011111100000
0000011111100000
0000011111100000
0000011111100000
0000011111100000
0000011111100000
0000011111100000
0000011111100000
0000011111100000
0000000000000000
0000000000000000
0000000000000000
0000000000000000
0000000000000000
0000000000000000
0000011111100000
0000011111100000
0000011111100000
0000011111100000
0000011111100000
0000011111100000
0000011111100000
0000011111100000
0000011111100000
0000000000000000
0000000000000000
0000000000000000
0000000000000000
0000000000000000
0000000000000000
0000011111100000
0000011111100000
0000011111100000
0000011111100000
0000011111100000
0000011111100000
0000011111100000
0000011111100000
0000011111100000
0000000000000000
0000000000000000
0000000000000000
0000000000000000
0000000000000000
0000000000000000
0000000011000000
0000000110000000
0000001110000000
0000001110000000
0000000000000000
0000000000000000
0000000000000000
0000000000000000
0000000000000000
0000000000000000
0000000000000000
0000000000000000
0000000000000000
0000000000000000
0000000000000000
0000001110000000
0000001110000000
0000001100000000
0000011000000000
0000000000000000
0000000000000000
0000000000000000
0000000000000000
0000000000000000
0000000000000000
0000000000000000
0000000000000000
0000000000000000
0000000000000000
0000000000000000
0000011111100000
0000011111100000
0000011111100000
0000011111100000
0000011111100000
0000011111100000
0000011111100000
0000011111100000
0000011111100000
0000000000000000
0000000000000000
0000000000000000
0000000000000000
0000000000000000
0000000000000000
0000011111100000
0000011111100000
0000011111100000
0000011111100000
0000011111100000
0000011111100000
0000011111100000
0000011111100000
0000011111100000
0000000000000000
0000000000000000
0000000000000000
0000000000000000
0000000000000000
0000000000000000
0000011111100000
0000011111100000
0000011111100000
0000011111100000
0000011111100000
0000011111100000
0000011111100000
0000011111100000
0000011111100000
0000000000000000
0000000000000000
0000000000000000
0000000000000000
0000000000000000
0000000000000000
0000011111100000
0000011111100000
0000011111100000
0000011111100000
0000011111100000
0000011111100000
0000011111100000
0000011111100000
0000011111100000
0000000000000000
0000000000000000
0000000000000000
0000000000000000
0000000000000000
0000000000000000
0000011111100000
0000011111100000
0000011111100000
0000011111100000
0000011111100000
0000011111100000
0000011111100000
0000011111100000
0000011111100000
0000000000000000
0000000000000000
0000000000000000
0000000000000000
0000000000000000
0000000000000000
0000011111100000
0000011111100000
0000011111100000
0000011111100000
0000011111100000
0000011111100000
0000011111100000
0000011111100000
0000011111100000
0000000000000000
0000000000000000
0000000000000000
0000000000000000
0000000000000000
0000000000000000
0000011111100000
0000011111100000
0000011111100000
0000011111100000
0000011111100000
0000011111100000
0000011111100000
0000011111100000
0000011111100000
0000000000000000
0000000000000000
0000000000000000
0000000000000000
0000000000000000
0000000000000000
0000011111100000
0000011111100000
0000011111100000
0000011111100000
0000011111100000
0000011111100000
0000011111100000
0000011111100000
0000011111100000
0000000000000000
0000000000000000
0000000000000000
0000000000000000
0000000000000000
0000000000000000
0000011111100000
0000011111100000
0000011111100000
0000011111100000
0000011111100000
0000011111100000
0000011111100000
0000011111100000
0000011111100000
0000000000000000
0000000000000000
0000000000000000
0000000000000000
0000000000000000
0000000000000000
0000011111100000
0000011111100000
0000011111100000
0000011111100000
0000011111100000
0000011111100000
0000011111100000
0000011111100000
0000011111100000
0000000000000000
0000000000000000
0000000000000000
0000000000000000
0000000000000000
0000000000000000
0000011111100000
0000011111100000
0000011111100000
0000011111100000
0000011111100000
0000011111100000
0000011111100000
0000011111100000
0000011111100000
0000000000000000
0000000000000000
0000000000000000
0000000000000000
0000000000000000
0000000000000000
0000011111100000
0000011111100000
0000011111100000
0000011111100000
0000011111100000
0000011111100000
0000011111100000
0000011111100000
0000011111100000
0000000000000000
0000000000000000
0000000000000000
0000000000000000
0000000000000000
0000000000000000
0000011111100000
0000011111100000
0000011111100000
0000011111100000
0000011111100000
0000011111100000
0000011111100000
0000011111100000
0000011111100000
0000000000000000
0000000000000000
0000000000000000
0000000000000000
0000000000000000
0000000000000000
0000000000000000
0000000000000000
0000000000000000
0000000000000000
0000000000000000
0000000000000000
0000000000000000
0000000000000000
0000000000000000
0000000000000000
0000000000000000
0000000000000000
0000000000000000
0000000000000000
0000000000000000
0000000110000000
0000000110000000
0000000110000000
0000000110000000
0000000110000000
0000000110000000
0000000000000000
0000000110000000
0000000110000000
0000000000000000
0000000000000000
0000000000000000
0000000000000000
0000000000000000
0000000000000000
0000000000000000
0000000000011000
0000011111110000
0001110001111100
0011000011000000
0011000110000000
0011001100000000
0001111000011100
0000111111110000
0001100000000000
0000000000000000
0000000000000000
0000000000000000
0000000000000000
0000000000000000
0000011111110000
0000110000011000
0000110000000000
0000011000000000
0001111111100000
0000011000000000
0000011000000000
0000110000000000
0001111111111000
0000000000000000
0000000000000000
0000000000000000
0000000000000000
0000000000000000
0000000000000000
0011000000001100
0001100000011000
0000111111110000
0001100000011000
0001100000011000
0001100000011000
0000111111110000
0001100000011000
0011000000001100
0000000000000000
0000000000000000
0000000000000000
0000000000000000
0000000000000000
0000000000000000
0011110000111100
0001100000011000
0011110000111100
0000011001100000
0011111111111100
0000000110000000
0000000110000000
0000000110000000
0000011111100000
0000000000000000
0000000000000000
0000000000000000
0000000000000000
0000000000000000
0000000000000000
0000000110000000
0000000110000000
0000000110000000
0000000110000000
0000000110000000
0000000000000000
0000000000000000
0000000110000000
0000000110000000
0000000110000000
0000000110000000
0000000110000000
0000000000000000
0000000000000000
0000000000000000
0000001111110000
0000011000110000
0000011100000000
0000110110000000
0000110011000000
0000011001100000
0000001100110000
0000000110110000
0000000011100000
0000110001100000
0000111111000000
0000000000000000
0000000000000000
0000000000000000
0000110001100000
0000110001100000
0000000000000000
0000000000000000
0000000000000000
0000000000000000
0000000000000000
0000000000000000
0000000000000000
0000000000000000
0000000000000000
0000000000000000
0000000000000000
0000000000000000
0000000000000000
0000000000000000
0000011111100000
0001100000011000
0010001111100100
0010011000110100
0010011000000100
0010011000000100
0010011000110100
0010001111100100
0001100000011000
0000011111100000
0000000000000000
0000000000000000
0000000000000000
0000000000000000
0000000000000000
0000111111100000
0000000000110000
0000111111110000
0001100000110000
0000111111011000
0000000000000000
0001111111111000
0000000000000000
0000000000000000
0000000000000000
0000000000000000
0000000000000000
0000000000000000
0000000000000000
0000000000000000
0000000000000000
0000000000000000
0000000000000000
0000000000000000
0000011000011000
0000110000110000
0001100001100000
0000110000110000
0000011000011000
0000000000000000
0000000000000000
0000000000000000
0000000000000000
0000000000000000
0000000000000000
0000000000000000
0000000000000000
0000000000000000
0000000000000000
0001111111111000
0000000000011000
0000000000011000
0000000000000000
0000000000000000
0000000000000000
0000000000000000
0000000000000000
0000000000000000
0000000000000000
0000000000000000
0000000000000000
0000000000000000
0000000000000000
0000000000000000
0000000000000000
0001111111111000
0000000000000000
0000000000000000
0000000000000000
0000000000000000
0000000000000000
0000000000000000
0000000000000000
0000000000000000
0000000000000000
0000011111100000
0001100000011000
0010011111100100
0010011000110100
0010011000110100
0010011111100100
0010011001100100
0010011000110100
0001100000011000
0000011111100000
0000000000000000
0000000000000000
0000000000000000
1111111111111110
0000000000000000
0000000000000000
0000000000000000
0000000000000000
0000000000000000
0000000000000000
0000000000000000
0000000000000000
0000000000000000
0000000000000000
0000000000000000
0000000000000000
0000000000000000
0000000000000000
0000000000000000
0000000000000000
0000111111000000
0001100001100000
0001100001100000
0000111111000000
0000000000000000
0000000000000000
0000000000000000
0000000000000000
0000000000000000
0000000000000000
0000000000000000
0000000000000000
0000000000000000
0000000000000000
0000000000000000
0000000000000000
0000000000000000
0000000110000000
0000000110000000
0001111111111000
0000000110000000
0000000110000000
0000000000000000
0001111111111000
0000000000000000
0000000000000000
0000000000000000
0000000000000000
0000000000000000
0000000000000000
0000011111000000
0000110001100000
0000000001100000
0000011111000000
0000110000000000
0000111111100000
0000000000000000
0000000000000000
0000000000000000
0000000000000000
0000000000000000
0000000000000000
0000000000000000
0000000000000000
0000000000000000
0000011111000000
0000110001100000
0000000111000000
0000000001100000
0000110001100000
0000011111000000
0000000000000000
0000000000000000
0000000000000000
0000000000000000
0000000000000000
0000000000000000
0000000000000000
0000000000000000
0000000011100000
0000001110000000
0000000000000000
0000000000000000
0000000000000000
0000000000000000
0000000000000000
0000000000000000
0000000000000000
0000000000000000
0000000000000000
0000000000000000
0000000000000000
0000000000000000
0000000000000000
0000000000000000
0000000000000000
0000000000000000
0001100000011000
0001100000011000
0001100000011000
0001100000011000
0001100000011000
0001110000111000
0001101111001100
0001100000000000
0001100000000000
0000000000000000
0000000000000000
0000000000000000
0000000000000000
0000111111111100
0001111110011000
0001111110011000
0001111110011000
0000111110011000
0000000110011000
0000000110011000
0000000110011000
0000000110011000
0000000110011000
0000001110011100
0000000000000000
0000000000000000
0000000000000000
0000000000000000
0000000000000000
0000000000000000
0000000000000000
0000000000000000
0000000110000000
0000000110000000
0000000000000000
0000000000000000
0000000000000000
0000000000000000
0000000000000000
0000000000000000
0000000000000000
0000000000000000
0000000000000000
0000000000000000
0000000000000000
0000000000000000
0000000000000000
0000000000000000
0000000000000000
0000000000000000
0000000000000000
0000000110000000
0000000110000000
0000000011000000
0000011110000000
0000000000000000
0000000000000000
0000000000000000
0000000110000000
0000011110000000
0000000110000000
0000000110000000
0000000110000000
0000011111100000
0000000000000000
0000000000000000
0000000000000000
0000000000000000
0000000000000000
0000000000000000
0000000000000000
0000000000000000
0000000000000000
0000111111110000
0001100000011000
0001100000011000
0001100000011000
0000111111110000
0000000000000000
0001111111111000
0000000000000000
0000000000000000
0000000000000000
0000000000000000
0000000000000000
0000000000000000
0000000000000000
0000000000000000
0000000000000000
0000000000000000
0000000000000000
0000000000000000
0001100001100000
0000110000110000
0000011000011000
0000110000110000
0001100001100000
0000000000000000
0000000000000000
0000000000000000
0000000000000000
0000000000000000
0000000000000000
0001100000011000
0111100000110000
0001100001100000
0001100011001110
0001100110011110
0001101100110110
0000011001100110
0000110001111110
0001100000000110
0000000000000000
0000000000000000
0000000000000000
0000000000000000
0000000000000000
0000000000000000
0001100000110000
0111100001100000
0001100011000000
0001100110111100
0001101101100110
0001111000000110
0000110000111100
0001100001100000
0011000001111110
0000000000000000
0000000000000000
0000000000000000
0000000000000000
0000000000000000
0000000000000000
0111100000011000
1100110000110000
0001100001100000
0000110011001110
1100110110011110
0111101100110110
0000011001100110
0000110001111110
0001100000000110
0000000000000000
0000000000000000
0000000000000000
0000000000000000
0000000000000000
0000000000000000
0000000110000000
0000000110000000
0000000000000000
0000000110000000
0000001100000000
0000110000000000
0001100000000000
0001100000011000
0000111111110000
0000000000000000
0000000000000000
0000000000000000
0000111000000000
0000001110000000
0000000000000000
0000111110000000
0000001111000000
0000011001100000
0000011001100000
0000110000110000
0001111111111000
0001100000011000
0011000000001100
0111100000011110
0000000000000000
0000000000000000
0000000000000000
0000000001110000
0000000111000000
0000000000000000
0000111110000000
0000001111000000
0000011001100000
0000011001100000
0000110000110000
0001111111111000
0001100000011000
0011000000001100
0111100000011110
0000000000000000
0000000000000000
0000000000000000
0000001111000000
0000011001100000
0000000000000000
0000111110000000
0000001111000000
0000011001100000
0000011001100000
0000110000110000
0001111111111000
0001100000011000
0011000000001100
0111100000011110
0000000000000000
0000000000000000
0000000000000000
0000111100110000
0001100111100000
0000000000000000
0000111110000000
0000001111000000
0000011001100000
0000011001100000
0000110000110000
0001111111111000
0001100000011000
0011000000001100
0111100000011110
0000000000000000
0000000000000000
0000000000000000
0000110000110000
0000110000110000
0000000000000000
0000111110000000
0000001111000000
0000011001100000
0000011001100000
0000110000110000
0001111111111000
0001100000011000
0011000000001100
0111100000011110
0000000000000000
0000000000000000
0000000000000000
0000001111000000
0000011001100000
0000001111000000
0000000110000000
0000001111000000
0000011001100000
0000011001100000
0000110000110000
0001111111111000
0001100000011000
0011000000001100
0111100000011110
0000000000000000
0000000000000000
0000000000000000
0000000000000000
0000000000000000
0000000000000000
0001111111111100
0000011011000100
0000011011000000
0000110011001000
0000110011111000
0001111111001000
0001100011000000
0011000011000100
0111100111111100
0000000000000000
0000000000000000
0000000000000000
0000000000000000
0000000000000000
0000000000000000
0000011111100100
0001100000011100
0011000000000100
0011000000000000
0011000000000000
0011000000000000
0011000000000000
0001100000001100
0000011111110000
0000000011000000
0000000001100000
0000001111000000
0000111000000000
0000001110000000
0000000000000000
0011111111111100
0001100000001100
0001100000001100
0001100011000000
0001111111000000
0001100011000000
0001100000001100
0001100000001100
0011111111111100
0000000000000000
0000000000000000
0000000000000000
0000000011100000
0000001110000000
0000000000000000
0011111111111100
0001100000001100
0001100000001100
0001100011000000
0001111111000000
0001100011000000
0001100000001100
0001100000001100
0011111111111100
0000000000000000
0000000000000000
0000000000000000
0000001111000000
0000011001100000
0000000000000000
0011111111111100
0001100000001100
0001100000001100
0001100011000000
0001111111000000
0001100011000000
0001100000001100
0001100000001100
0011111111111100
0000000000000000
0000000000000000
0000000000000000
0000110000110000
0000110000110000
0000000000000000
0011111111111100
0001100000001100
0001100000001100
0001100011000000
0001111111000000
0001100011000000
0001100000001100
0001100000001100
0011111111111100
0000000000000000
0000000000000000
0000000000000000
0000111000000000
0000001110000000
0000000000000000
0001111111111000
0000000110000000
0000000110000000
0000000110000000
0000000110000000
0000000110000000
0000000110000000
0000000110000000
0001111111111000
0000000000000000
0000000000000000
0000000000000000
0000000001110000
0000000111000000
0000000000000000
0001111111111000
0000000110000000
0000000110000000
0000000110000000
0000000110000000
0000000110000000
0000000110000000
0000000110000000
0001111111111000
0000000000000000
0000000000000000
0000000000000000
0000001111000000
0000011001100000
0000000000000000
0001111111111000
0000000110000000
0000000110000000
0000000110000000
0000000110000000
0000000110000000
0000000110000000
0000000110000000
0001111111111000
0000000000000000
0000000000000000
0000000000000000
0000110000110000
0000110000110000
0000000000000000
0001111111111000
0000000110000000
0000000110000000
0000000110000000
0000000110000000
0000000110000000
0000000110000000
0000000110000000
0001111111111000
0000000000000000
0000000000000000
0000000000000000
0000000000000000
0000000000000000
0000000000000000
0011111111110000
0001100000011000
0001100000001100
0001100000001100
0111111100001100
0001100000001100
0001100000001100
0001100000011000
0011111111110000
0000000000000000
0000000000000000
0000000000000000
0000111100110000
0001100111100000
0000000000000000
0011100001111100
0001110000011000
0001111000011000
0001101100011000
0001100110011000
0001100011011000
0001100001111000
0001100000111000
0011111000011000
0000000000000000
0000000000000000
0000000000000000
0000111000000000
0000001110000000
0000000000000000
0000011111100000
0001100000011000
0011000000001100
0011000000001100
0011000000001100
0011000000001100
0011000000001100
0001100000011000
0000011111100000
0000000000000000
0000000000000000
0000000000000000
0000000001110000
0000000111000000
0000000000000000
0000011111100000
0001100000011000
0011000000001100
0011000000001100
0011000000001100
0011000000001100
0011000000001100
0001100000011000
0000011111100000
0000000000000000
0000000000000000
0000000000000000
0000001111000000
0000011001100000
0000000000000000
0000011111100000
0001100000011000
0011000000001100
0011000000001100
0011000000001100
0011000000001100
0011000000001100
0001100000011000
0000011111100000
0000000000000000
0000000000000000
0000000000000000
0000011100110000
0000110011100000
0000000000000000
0000011111100000
0001100000011000
0011000000001100
0011000000001100
0011000000001100
0011000000001100
0011000000001100
0001100000011000
0000011111100000
0000000000000000
0000000000000000
0000000000000000
0000110000110000
0000110000110000
0000000000000000
0000011111100000
0001100000011000
0011000000001100
0011000000001100
0011000000001100
0011000000001100
0011000000001100
0001100000011000
0000011111100000
0000000000000000
0000000000000000
0000000000000000
0000000000000000
0000000000000000
0000000000000000
0000011111100000
0000011111100000
0000011111100000
0000011111100000
0000011111100000
0000011111100000
0000011111100000
0000011111100000
0000011111100000
0000000000000000
0000000000000000
0000000000000000
0000000000000000
0000000000000000
0000000000001100
0000011111111000
0001100000111000
0011000001101100
0011000011001100
0011000110001100
0011001100001100
0011011000001100
0001110000011000
0001111111100000
0011000000000000
0000000000000000
0000000000000000
0000111000000000
0000001110000000
0000000000000000
0011110000111100
0001100000011000
0001100000011000
0001100000011000
0001100000011000
0001100000011000
0001100000011000
0000110000110000
0000001111000000
0000000000000000
0000000000000000
0000000000000000
0000000001110000
0000000111000000
0000000000000000
0011110000111100
0001100000011000
0001100000011000
0001100000011000
0001100000011000
0001100000011000
0001100000011000
0000110000110000
0000001111000000
0000000000000000
0000000000000000
0000000000000000
0000001111000000
0000011001100000
0000000000000000
0011110000111100
0001100000011000
0001100000011000
0001100000011000
0001100000011000
0001100000011000
0001100000011000
0000110000110000
0000001111000000
0000000000000000
0000000000000000
0000000000000000
0000110000110000
0000110000110000
0000000000000000
0011110000111100
0001100000011000
0001100000011000
0001100000011000
0001100000011000
0001100000011000
0001100000011000
0000110000110000
0000001111000000
0000000000000000
0000000000000000
0000000000000000
0000000001110000
0000000111000000
0000000000000000
0011110000111100
0001100000011000
0000110000110000
0000011001100000
0000001111000000
0000000110000000
0000000110000000
0000000110000000
0000011111100000
0000000000000000
0000000000000000
0000000000000000
0000000000000000
0000000000000000
0000000000000000
0001110000000000
0000110000000000
0000111111110000
0000110000001100
0000110000001100
0000110000001100
0000111111110000
0000110000000000
0001111100000000
0000000000000000
0000000000000000
0000000000000000
0000000000000000
0000000000000000
0000000000000000
0000001111000000
0000110000110000
0000110000110000
0000110000110000
0000110011100000
0000110000110000
0000110000011000
0000110000011000
0011110011110000
0000000000000000
0000000000000000
0000000000000000
0000000000000000
0000000000000000
0000111000000000
0000001110000000
0000000000000000
0000011111000000
0001100000110000
0000000000011000
0000111111111000
0011000000011000
0011000000111000
0000111111001100
0000000000000000
0000000000000000
0000000000000000
0000000000000000
0000000000000000
0000000001110000
0000000111000000
0000000000000000
0000011111000000
0001100000110000
0000000000011000
0000111111111000
0011000000011000
0011000000111000
0000111111001100
0000000000000000
0000000000000000
0000000000000000
0000000000000000
0000000110000000
0000001111000000
0000011001100000
0000000000000000
0000011111000000
0001100000110000
0000000000011000
0000111111111000
0011000000011000
0011000000111000
0000111111001100
0000000000000000
0000000000000000
0000000000000000
0000000000000000
0000000000000000
0000111100110000
0001100111100000
0000000000000000
0000011111000000
0001100000110000
0000000000011000
0000111111111000
0011000000011000
0011000000111000
0000111111001100
0000000000000000
0000000000000000
0000000000000000
0000000000000000
0000000000000000
0000110000110000
0000110000110000
0000000000000000
0000011111000000
0001100000110000
0000000000011000
0000111111111000
0011000000011000
0011000000111000
0000111111001100
0000000000000000
0000000000000000
0000000000000000
0000000000000000
0000001111000000
0000011001100000
0000001111000000
0000000000000000
0000011111000000
0001100000110000
0000000000011000
0000111111111000
0011000000011000
0011000000111000
0000111111001100
0000000000000000
0000000000000000
0000000000000000
0000000000000000
0000000000000000
0000000000000000
0000000000000000
0000000000000000
0001111001111000
0110000111001100
0000000110000110
0001111111111110
0110000110000000
0110000111000110
0001111001111100
0000000000000000
0000000000000000
0000000000000000
0000000000000000
0000000000000000
0000000000000000
0000000000000000
0000000000000000
0000011111100100
0001110000011100
0011000000000100
0011000000000000
0011000000000000
0001110000011100
0000011111110000
0000000011000000
0000000001100000
0000001111000000
0000000000000000
0000000000000000
0000111000000000
0000001110000000
0000000000000000
0000011111100000
0001110000111000
0011000000001100
0011111111111100
0011000000000000
0001110000011100
0000011111110000
0000000000000000
0000000000000000
0000000000000000
0000000000000000
0000000000000000
0000000001110000
0000000111000000
0000000000000000
0000011111100000
0001110000111000
0011000000001100
0011111111111100
0011000000000000
0001110000011100
0000011111110000
0000000000000000
0000000000000000
0000000000000000
0000000000000000
0000000110000000
0000001111000000
0000011001100000
0000000000000000
0000011111100000
0001110000111000
0011000000001100
0011111111111100
0011000000000000
0001110000011100
0000011111110000
0000000000000000
0000000000000000
0000000000000000
0000000000000000
0000000000000000
0000110000110000
0000110000110000
0000000000000000
0000011111100000
0001110000111000
0011000000001100
0011111111111100
0011000000000000
0001110000011100
0000011111110000
0000000000000000
0000000000000000
0000000000000000
0000000000000000
0000000000000000
0000111000000000
0000001110000000
0000000000000000
0000111110000000
0000000110000000
0000000110000000
0000000110000000
0000000110000000
0000000110000000
0001111111111000
0000000000000000
0000000000000000
0000000000000000
0000000000000000
0000000000000000
0000000001110000
0000000111000000
0000000000000000
0000111110000000
0000000110000000
0000000110000000
0000000110000000
0000000110000000
0000000110000000
0001111111111000
0000000000000000
0000000000000000
0000000000000000
0000000000000000
0000000110000000
0000001111000000
0000011001100000
0000000000000000
0000111110000000
0000000110000000
0000000110000000
0000000110000000
0000000110000000
0000000110000000
0001111111111000
0000000000000000
0000000000000000
0000000000000000
0000000000000000
0000000000000000
0000110000110000
0000110000110000
0000000000000000
0000111110000000
0000000110000000
0000000110000000
0000000110000000
0000000110000000
0000000110000000
0001111111111000
0000000000000000
0000000000000000
0000000000000000
0000000000000000
0000000000000000
0000011100110000
0000000111000000
0000011001100000
0000011111110000
0001110000011000
0011000000001100
0011000000001100
0011000000001100
0001110000111000
0000011111100000
0000000000000000
0000000000000000
0000000000000000
0000000000000000
0000000000000000
0000111100110000
0001100111100000
0000000000000000
0011101111000000
0001110000110000
0001100000011000
0001100000011000
0001100000011000
0001100000011000
0011110000111100
0000000000000000
0000000000000000
0000000000000000
0000000000000000
0000000000000000
0000111000000000
0000001110000000
0000000000000000
0000011111100000
0001110000111000
0011000000001100
0011000000001100
0011000000001100
0001110000111000
0000011111100000
0000000000000000
0000000000000000
0000000000000000
0000000000000000
0000000000000000
0000000001110000
0000000111000000
0000000000000000
0000011111100000
0001110000111000
0011000000001100
0011000000001100
0011000000001100
0001110000111000
0000011111100000
0000000000000000
0000000000000000
0000000000000000
0000000000000000
0000000110000000
0000001111000000
0000011001100000
0000000000000000
0000011111100000
0001110000111000
0011000000001100
0011000000001100
0011000000001100
0001110000111000
0000011111100000
0000000000000000
0000000000000000
0000000000000000
0000000000000000
0000000000000000
0000011100110000
0000110011100000
0000000000000000
0000011111100000
0001110000111000
0011000000001100
0011000000001100
0011000000001100
0001110000111000
0000011111100000
0000000000000000
0000000000000000
0000000000000000
0000000000000000
0000000000000000
0000110000110000
0000110000110000
0000000000000000
0000011111100000
0001110000111000
0011000000001100
0011000000001100
0011000000001100
0001110000111000
0000011111100000
0000000000000000
0000000000000000
0000000000000000
0000000000000000
0000000000000000
0000000000000000
0000011111100000
0000011111100000
0000011111100000
0000011111100000
0000011111100000
0000011111100000
0000011111100000
0000011111100000
0000011111100000
0000000000000000
0000000000000000
0000000000000000
0000000000000000
0000000000000000
0000000000000000
0000000000000000
0000000000011000
0000011111110000
0001110001111000
0011000011001100
0011000110001100
0011001100001100
0001111000111000
0000111111100000
0001100000000000
0000000000000000
0000000000000000
0000000000000000
0000000000000000
0000111000000000
0000001110000000
0000000000000000
0011100000111000
0001100000011000
0001100000011000
0001100000011000
0001100000011000
0000110000111000
0000001111011100
0000000000000000
0000000000000000
0000000000000000
0000000000000000
0000000000000000
0000000001110000
0000000111000000
0000000000000000
0011100000111000
0001100000011000
0001100000011000
0001100000011000
0001100000011000
0000110000111000
0000001111011100
0000000000000000
0000000000000000
0000000000000000
0000000000000000
0000000110000000
0000001111000000
0000011001100000
0000000000000000
0011100000111000
0001100000011000
0001100000011000
0001100000011000
0001100000011000
0000110000111000
0000001111011100
0000000000000000
0000000000000000
0000000000000000
0000000000000000
0000000000000000
0000110000110000
0000110000110000
0000000000000000
0011100000111000
0001100000011000
0001100000011000
0001100000011000
0001100000011000
0000110000111000
0000001111011100
0000000000000000
0000000000000000
0000000000000000
0000000000000000
0000000000000000
0000000001110000
0000000111000000
0000000000000000
0011110000111100
0001100000011000
0001100000011000
0000110000110000
0000011001100000
0000001111000000
0000000110000000
0000001100000000
0000011000000000
0001111100000000
0000000000000000
0000000000000000
0011100000000000
0001100000000000
0001100000000000
0001101111100000
0001111000111000    
0001100000001100
0001100000001100
0001100000001100
0001111000111000
0001101111100000
0001100000000000
0001100000000000
0011111000000000
0000000000000000
0000000000000000
0000110000110000
0000110000110000
0000000000000000
0011110000111100
0001100000011000
0001100000011000
0000110000110000
0000011001100000
0000001111000000
0000000110000000
0000001100000000
0000011000000000
0001111100000000